0
0.03
0.06
0.09
0.12
0.15
0.18
0.21
0.24
0.27
0.3
0.33
0.36
0.39
0.42
0.45
0.48
0.51
0.54
0.57
0.6
0.63
0.66
0.69
0.7
0.73
0.76
0.79
0.82
0.85
0.88
0.91
0.94
0.97
1
1.03
1.06
1.09
1.12
1.15
1.18
1.21
1.24
1.27
1.3
1.33
1.36
1.39
1.42
1.45
1.48
1.51
1.54
1.57
1.6
1.63
1.66
1.69
1.72
1.75
1.78
1.81
1.84
1.87
1.9
1.93
1.96
1.99
2
2.03
2.06
2.09
2.12
2.15
2.18
2.21
2.24
2.27
2.3
2.33
2.36
2.39
2.42
2.45
2.48
2.51
2.54
2.57
2.6
2.63
2.66
2.69
2.72
2.75
2.78
2.81
2.84
2.87
2.9
2.93
2.96
2.99
3.02
3.05
3.08
3.11
3.14
3.17
3.2
3.23
3.26
3.29
3.32
3.35
3.38
3.41
3.44
3.47
3.5
3.53
3.56
3.59
3.62
3.65
3.68
3.71
3.74
3.77
3.8
3.83
3.86
3.89
3.92
3.95
3.98
4.01
4.04
4.07
4.1
4.13
4.16
4.19
4.22
4.25
4.28
4.31
4.34
4.37
4.4
4.43
4.46
4.49
4.52
4.55
4.58
4.61
4.64
4.67
4.7
4.73
4.76
4.79
4.82
4.85
4.88
4.91
4.94
4.97
5
5.03
